Route 1: [200, 95, 151, 3, 55, 44, 106, 32, 97, 161, 9, 109, 200]
Distance: 65.19139891744712

Route 2: [200, 119, 38, 77, 10, 80, 131, 31, 162, 75, 189, 57, 39, 200]
Distance: 101.36565521976738

Route 3: [200, 69, 108, 52, 11, 170, 84, 134, 85, 164, 165, 200]
Distance: 121.89169449509009

Route 4: [200, 111, 45, 58, 27, 179, 99, 167, 70, 128, 19, 177, 133, 14, 200]
Distance: 94.51967228425451

Route 5: [200, 34, 46, 65, 176, 8, 102, 78, 178, 35, 180, 132, 7, 200]
Distance: 64.24441459063284

Route 6: [200, 40, 187, 130, 12, 50, 169, 129, 71, 150, 51, 149, 175, 200]
Distance: 84.18538472066761

Route 7: [200, 127, 4, 60, 26, 100, 81, 168, 76, 17, 126, 200]
Distance: 52.803972737785934

Route 8: [200, 125, 98, 29, 59, 5, 103, 79, 153, 83, 123, 13, 87, 200]
Distance: 78.46098354502863

Route 9: [200, 47, 155, 36, 122, 166, 138, 88, 37, 20, 124, 154, 15, 200]
Distance: 108.97955014765193

Route 10: [200, 94, 140, 121, 82, 174, 173, 21, 171, 172, 120, 48, 30, 200]
Distance: 76.41322417049746

Route 11: [200, 152, 54, 139, 157, 2, 86, 112, 66, 193, 33, 200]
Distance: 46.5652354932156

Route 12: [200, 105, 195, 53, 198, 192, 184, 190, 43, 199, 136, 197, 1, 191, 158, 200]
Distance: 57.15972857883088

Route 13: [200, 194, 196, 22, 141, 91, 142, 114, 156, 28, 64, 101, 93, 186, 200]
Distance: 88.39998137224421

Route 14: [200, 23, 160, 115, 185, 90, 41, 42, 68, 143, 89, 137, 113, 200]
Distance: 110.91329714803426

Route 15: [200, 18, 146, 73, 145, 24, 107, 74, 144, 116, 62, 183, 104, 200]
Distance: 108.82084506801863

Route 16: [200, 181, 147, 135, 92, 148, 163, 110, 25, 56, 118, 72, 200]
Distance: 117.1604608855247

Route 17: [200, 6, 61, 96, 16, 67, 159, 182, 49, 63, 117, 188, 200]
Distance: 58.25651894349941

Global Route Distance : 1435.332018318191
Execution Time: 1762 seconds
Total res capa = : 0.0 moyenne 0.0