Global Route Distance : 931.571022529257
Best Overall Distance: 884.2816069497698
Route 1: [101, 27, 77, 3, 68, 80, 29, 24, 54, 12, 26, 28, 101]
Distance: 91.34195152765481

Route 2: [101, 76, 79, 78, 34, 35, 65, 71, 9, 51, 81, 33, 50, 1, 69, 101]
Distance: 124.22735609804145

Route 3: [101, 31, 10, 70, 30, 20, 66, 32, 90, 63, 64, 11, 62, 88, 101]
Distance: 139.1529983357575

Route 4: [101, 5, 84, 17, 45, 8, 46, 36, 49, 19, 47, 48, 82, 7, 101]
Distance: 134.60132801389125

Route 5: [101, 100, 91, 44, 14, 38, 86, 16, 61, 85, 101]
Distance: 101.77318750211906

Route 6: [101, 52, 18, 83, 60, 93, 98, 37, 92, 59, 99, 96, 6, 89, 101]
Distance: 72.3849843260873

Route 7: [101, 13, 94, 95, 97, 87, 42, 43, 15, 57, 2, 41, 22, 75, 74, 73, 101]
Distance: 111.48965450869024

Route 8: [101, 58, 21, 72, 56, 23, 67, 39, 25, 55, 4, 40, 53, 101]
Distance: 109.3101466375281

Global Route Distance : 884.2816069497698
Execution Time: 451 seconds
Total res capa = : 5.0 moyenne 0.625