Route 1: [151, 46, 102, 27, 81, 60, 8, 80, 22, 120, 1, 51, 119, 32, 77, 151]
Distance: 76.17417617991586

Route 2: [151, 138, 48, 112, 61, 7, 69, 23, 98, 132, 57, 6, 151]
Distance: 82.64401251298224

Route 3: [151, 133, 25, 95, 14, 58, 96, 24, 97, 86, 43, 99, 114, 113, 26, 140, 151]
Distance: 140.11481709157812

Route 4: [151, 82, 31, 28, 70, 116, 121, 115, 36, 85, 35, 84, 128, 83, 151]
Distance: 134.42803190552146

Route 5: [151, 101, 3, 59, 20, 131, 2, 100, 126, 11, 78, 151]
Distance: 79.4771614135249

Route 6: [151, 38, 62, 151]
Distance: 30.0

Route 7: [151, 130, 50, 118, 16, 127, 53, 129, 29, 21, 79, 74, 34, 104, 9, 151]
Distance: 87.1687330157805

Route 8: [151, 76, 49, 30, 105, 75, 117, 73, 106, 89, 39, 54, 10, 151]
Distance: 111.20609728537093

Route 9: [151, 5, 90, 71, 123, 122, 124, 125, 33, 72, 91, 45, 15, 52, 108, 151]
Distance: 71.11526668525431

Route 10: [151, 63, 37, 44, 107, 65, 93, 42, 92, 137, 147, 17, 144, 56, 47, 151]
Distance: 85.12529342850303

Route 11: [151, 146, 4, 149, 109, 143, 135, 150, 87, 148, 142, 145, 151]
Distance: 55.913574927289254

Route 12: [151, 134, 67, 13, 136, 66, 41, 94, 40, 88, 64, 19, 141, 111, 151]
Distance: 118.40820938997064

Route 13: [151, 68, 110, 18, 55, 139, 12, 103, 151]
Distance: 55.59403986254292

Global Route Distance : 1127.3694136982342
Execution Time: 1367 seconds
Total res capa = : 60.0 moyenne 4.615384615384615