Route 1: [76, 4, 45, 29, 48, 76]
Distance: 45.63292394425169

Route 2: [76, 5, 37, 20, 70, 60, 71, 69, 36, 47, 76]
Distance: 103.32042177292682

Route 3: [76, 30, 74, 21, 61, 28, 2, 76]
Distance: 74.37839957761173

Route 4: [76, 62, 22, 64, 42, 41, 43, 1, 73, 76]
Distance: 94.44808154187292

Route 5: [76, 33, 63, 23, 56, 24, 49, 16, 3, 76]
Distance: 101.90300404806807

Route 6: [76, 9, 25, 55, 18, 50, 32, 44, 76]
Distance: 96.48201163585496

Route 7: [76, 39, 72, 58, 10, 31, 38, 53, 76]
Distance: 105.39542876248638

Route 8: [76, 11, 65, 66, 59, 14, 76]
Distance: 97.20329805949657

Route 9: [76, 19, 54, 13, 57, 15, 27, 52, 34, 76]
Distance: 83.41041639317629

Route 10: [76, 67, 46, 8, 35, 7, 26, 76]
Distance: 42.31678513922883

Route 11: [76, 75, 68, 6, 51, 17, 40, 12, 76]
Distance: 49.267673363144795

Global Route Distance : 893.7584442381191
Execution Time: 171 seconds
Total res capa = : 10.0 moyenne 0.9090909090909091