Route 1: [121, 95, 96, 93, 94, 97, 115, 109, 108, 118, 18, 114, 90, 91, 89, 92, 87, 88, 121]
Distance: 62.52125196886377

Route 2: [121, 105, 106, 107, 104, 103, 116, 110, 100, 99, 101, 102, 121]
Distance: 48.73889287749739

Route 3: [121, 67, 69, 70, 71, 74, 75, 72, 78, 80, 79, 77, 76, 73, 68, 98, 121]
Distance: 145.65840361675328

Route 4: [121, 52, 54, 57, 59, 65, 61, 62, 64, 66, 63, 60, 56, 58, 55, 53, 121]
Distance: 213.6275358118025

Route 5: [121, 40, 43, 45, 48, 51, 50, 49, 46, 47, 44, 41, 42, 39, 38, 37, 29, 121]
Distance: 235.25766562826357

Route 6: [121, 12, 16, 19, 22, 24, 27, 30, 33, 34, 36, 31, 35, 32, 28, 25, 23, 26, 21, 20, 17, 121]
Distance: 205.3203903135182

Route 7: [121, 8, 13, 14, 15, 11, 9, 7, 6, 5, 10, 4, 3, 1, 2, 83, 113, 121]
Distance: 134.6936777535145

Route 8: [121, 120, 119, 81, 117, 84, 112, 85, 86, 111, 82, 121]
Distance: 49.00332200131327

Global Route Distance : 1094.8211399715265
Execution Time: 206 seconds
Total res capa = : 97.0 moyenne 12.125