Route 1: [101, 75, 1, 2, 4, 3, 5, 7, 6, 9, 8, 10, 101]
Distance: 57.257681421009664

Route 2: [101, 13, 17, 18, 19, 15, 16, 14, 12, 11, 101]
Distance: 96.32068857000043

Route 3: [101, 99, 100, 97, 93, 92, 94, 95, 96, 98, 101]
Distance: 95.94313062205805

Route 4: [101, 91, 89, 88, 85, 84, 82, 83, 86, 87, 90, 101]
Distance: 76.06956532288787

Route 5: [101, 81, 78, 76, 71, 70, 73, 77, 79, 80, 72, 61, 64, 62, 101]
Distance: 136.6205203755179

Route 6: [101, 67, 65, 63, 74, 55, 57, 68, 66, 69, 101]
Distance: 84.87087334042396

Route 7: [101, 54, 53, 56, 58, 60, 59, 40, 41, 42, 43, 101]
Distance: 103.72544400307183

Route 8: [101, 47, 46, 44, 45, 48, 50, 51, 31, 35, 32, 52, 49, 101]
Distance: 98.82389573015993

Route 9: [101, 33, 37, 38, 39, 36, 34, 29, 24, 101]
Distance: 87.52610922848042

Route 10: [101, 23, 26, 28, 30, 27, 25, 22, 21, 20, 101]
Distance: 44.242640687119284

Global Route Distance : 881.4005493007295
Execution Time: 94 seconds
Total res capa = : 50.0 moyenne 5.0